[gd_scene load_steps=14 format=3 uid="uid://bp48iihwf06aq"]

[ext_resource type="Script" uid="uid://crurqbs4exhbi" path="res://main.gd" id="1_0xm2m"]
[ext_resource type="Texture2D" uid="uid://cj3bo04cmin4b" path="res://models/grass.jpeg" id="2_7mycd"]
[ext_resource type="PackedScene" uid="uid://bnxs5mjgvg3ps" path="res://XR_Origin.tscn" id="2_h2yge"]
[ext_resource type="PackedScene" uid="uid://b5paobg3hkkja" path="res://bee.tscn" id="3_h2yge"]
[ext_resource type="PackedScene" uid="uid://bkywvvjaqj7p7" path="res://flower.tscn" id="4_1bvp3"]
[ext_resource type="Script" uid="uid://bo7u4oaxinmy8" path="res://flower_manager.gd" id="5_lquwl"]
[ext_resource type="AudioStream" uid="uid://deat5jkcrsx1i" path="res://addons/xr-simulator/Cleyton RX - Underwater.mp3" id="8_5vw27"]

[sub_resource type="ProceduralSkyMaterial" id="ProceduralSkyMaterial_0xm2m"]
sky_horizon_color = Color(0.66224277, 0.6717428, 0.6867428, 1)
ground_horizon_color = Color(0.66224277, 0.6717428, 0.6867428, 1)

[sub_resource type="Sky" id="Sky_h2yge"]
sky_material = SubResource("ProceduralSkyMaterial_0xm2m")

[sub_resource type="Environment" id="Environment_1bvp3"]
background_mode = 2
sky = SubResource("Sky_h2yge")
tonemap_mode = 2
glow_enabled = true

[sub_resource type="BoxShape3D" id="BoxShape3D_1bvp3"]
size = Vector3(10, 0.1, 10)

[sub_resource type="StandardMaterial3D" id="StandardMaterial3D_h2yge"]
albedo_texture = ExtResource("2_7mycd")
uv1_scale = Vector3(4, 4, 4)

[sub_resource type="BoxMesh" id="BoxMesh_lquwl"]
size = Vector3(5, 0.1, 5)

[node name="Main" type="Node3D"]
script = ExtResource("1_0xm2m")

[node name="WorldEnvironment" type="WorldEnvironment" parent="."]
environment = SubResource("Environment_1bvp3")

[node name="DirectionalLight3D" type="DirectionalLight3D" parent="."]
transform = Transform3D(-0.8660254, -0.43301278, 0.25, 0, 0.49999997, 0.86602545, -0.50000006, 0.75, -0.43301266, 0, 0, 0)

[node name="StaticBody3D" type="StaticBody3D" parent="."]
transform = Transform3D(2, 0, 0, 0, 1, 0, 0, 0, 2, 0, 0, 0)

[node name="CollisionShape3D" type="CollisionShape3D" parent="StaticBody3D"]
transform = Transform3D(1, 0, 0, 0, 1, 0, 0, 0, 1, -0.3400879, 0, -0.3161621)
shape = SubResource("BoxShape3D_1bvp3")

[node name="MeshInstance3D" type="MeshInstance3D" parent="StaticBody3D/CollisionShape3D"]
transform = Transform3D(2, 0, 0, 0, 1, 0, 0, 0, 2, 0, -0.05, 0)
material_override = SubResource("StandardMaterial3D_h2yge")
mesh = SubResource("BoxMesh_lquwl")

[node name="XROrigin3D" parent="." instance=ExtResource("2_h2yge")]
transform = Transform3D(2, 0, 0, 0, 2, 0, 0, 0, 2, 0, 0, 0)

[node name="XRCamera3D2" type="XRCamera3D" parent="XROrigin3D"]

[node name="Bee" parent="." groups=["Bee"] instance=ExtResource("3_h2yge")]
transform = Transform3D(1, 0, 0, 0, 1, 0, 0, 0, 1, -4.010403, 3.5231125, 3.7054806)

[node name="Bee1" parent="." groups=["Bee"] instance=ExtResource("3_h2yge")]
transform = Transform3D(0.70710677, 0, 0.70710677, 0, 1, 0, -0.70710677, 0, 0.70710677, 6, 2.517, 4)

[node name="Bee2" parent="." groups=["Bee"] instance=ExtResource("3_h2yge")]
transform = Transform3D(-0.727092, -0.01730916, -0.68632174, -0.052625746, 0.99814606, 0.030578494, 0.68452, 0.058351547, -0.7266549, 3, 0.557, 6)

[node name="Bee3" parent="." groups=["Bee"] instance=ExtResource("3_h2yge")]
transform = Transform3D(0.01, 0, 0, 0, 0.01, 0, 0, 0, 0.01, -6, 3, -4)

[node name="Bee4" parent="." groups=["Bee"] instance=ExtResource("3_h2yge")]
transform = Transform3D(-0.91928315, -0.06041705, 0.38893196, -0.052310128, 0.9981367, 0.031410757, -0.39010504, 0.0085303, -0.92073077, -6, 1.442, -6)

[node name="Bee5" parent="." groups=["Bee"] instance=ExtResource("3_h2yge")]
transform = Transform3D(-0.16663784, -0.039737307, 0.98521703, -0.052310128, 0.9981367, 0.031410757, -0.9846296, -0.046302617, -0.16840601, 8, 1.5, -4)

[node name="FlowerManager" type="Node3D" parent="."]
script = ExtResource("5_lquwl")
flower_scene = ExtResource("4_1bvp3")

[node name="AudioStreamPlayer3D" type="AudioStreamPlayer3D" parent="."]
stream = ExtResource("8_5vw27")
volume_db = -20.0
autoplay = true
